-1.9260 -2.0084 -1.3501 -1.8603 -1.7266 -2.0609
-1.9221 -1.8671 -1.8149 -1.6868 -1.6510 -1.8370
-1.6884 -1.3697 -3.1132 -1.8869 -2.1684 -1.3837
-2.1151 -1.8246 -2.1404 -1.7032 -1.7111 -1.4366
-1.5199 -1.0775 -3.4192 -2.5010 -3.0993 -1.2694
-2.0331 -1.9862 -1.7433 -1.7973 -1.6787 -1.5870
-1.7645 -1.4322 -2.4186 -1.9582 -2.0495 -1.4655
-1.9544 -1.9908 -1.0517 -1.9626 -1.9021 -2.4931
-1.9705 -1.6968 -2.7996 -1.5794 -1.8925 -1.3481
-2.1441 -1.9293 -2.5835 -1.5221 -1.7251 -1.3255
-1.8385 -1.4866 -2.0138 -2.1082 -1.9144 -1.5490
-1.6964 -1.4238 -3.3078 -1.7816 -2.1449 -1.3711
-1.9936 -1.5970 -1.6602 -2.0010 -1.8588 -1.7140
-2.1545 -1.9210 -2.8895 -1.4393 -1.7634 -1.2968
-1.6787 -1.3343 -3.3876 -1.8753 -2.1851 -1.3844
-1.5767 -4.3683 -0.6573 -2.9174 -2.1924 -2.3362
-2.1756 -1.9354 -2.5227 -1.4891 -1.7737 -1.3222
-1.7419 -1.3651 -2.5998 -2.0346 -2.0319 -1.4552
-2.1509 -2.0155 -2.1242 -1.5491 -1.7230 -1.4276
-1.9762 -1.9905 -1.5526 -1.8506 -1.6909 -1.7627
-1.9871 -1.7249 -1.9395 -1.8649 -1.7731 -1.5314
-1.6380 -3.1025 -1.7380 -1.6212 -1.1339 -2.7275
-1.7643 -1.3214 -2.3832 -2.0994 -2.0669 -1.5116
-1.9051 -1.5166 -1.9871 -1.9692 -1.9299 -1.5611
-1.5257 -1.0788 -3.4099 -2.4992 -3.0808 -1.2679
-1.9573 -2.0221 -1.2388 -1.9243 -1.8228 -2.0473
-1.8030 -1.4354 -2.2179 -2.0463 -1.9670 -1.5176
-1.5205 -1.1021 -3.3857 -2.4645 -3.0633 -1.2603
-1.9463 -1.9600 -1.4150 -1.8534 -1.7060 -2.0016
-1.9295 -1.8963 -1.5615 -1.7763 -1.7567 -1.8775
-1.8316 -1.4426 -2.1030 -2.0096 -1.9893 -1.5577
-1.9284 -1.9817 -1.0484 -1.9342 -1.8694 -2.6949
-1.8312 -1.4226 -2.0478 -2.1208 -1.9628 -1.5641
-2.0284 -1.8049 -2.9698 -1.4820 -1.8365 -1.3239
-1.6389 -1.2110 -3.5482 -2.0750 -2.2851 -1.3791
-1.8239 -1.4349 -2.1948 -1.9368 -2.0199 -1.5500
-1.8356 -1.4479 -2.0378 -2.0924 -1.9536 -1.5609
-2.0190 -1.7993 -3.0559 -1.4734 -1.8611 -1.3090
-1.9158 -1.9878 -1.2946 -1.8596 -1.7359 -2.2090
-2.0270 -1.8814 -1.8670 -1.7265 -1.6538 -1.6500
-1.9520 -1.5610 -1.7715 -1.9971 -1.8623 -1.6768
-1.9970 -1.7857 -2.8390 -1.4842 -1.8880 -1.3470
-1.9309 -1.9991 -1.2411 -1.8913 -1.7833 -2.1936
-1.9235 -1.9965 -1.2505 -1.8806 -1.7689 -2.2191
-1.9822 -1.9775 -1.2077 -1.9609 -1.8699 -2.0399
-1.9474 -2.0225 -1.3187 -1.8936 -1.7719 -1.9877
-1.9246 -1.9915 -1.1641 -1.9027 -1.8110 -2.3781
-1.7434 -1.4103 -2.5321 -1.9521 -2.0895 -1.4449
-1.9217 -1.9923 -1.2192 -1.8858 -1.7809 -2.2867
-1.9957 -1.8538 -1.3670 -1.9420 -1.8202 -1.9162
-1.9548 -1.6707 -2.1427 -1.8063 -1.7875 -1.5082
-1.9817 -2.0102 -1.1546 -1.9741 -1.8971 -2.0865
-1.8606 -1.5058 -2.1624 -1.9963 -1.9114 -1.4970
-1.9446 -2.0141 -1.1935 -1.9208 -1.8270 -2.1805
-1.7031 -1.3310 -2.8083 -2.0107 -2.1277 -1.4257
-1.9051 -1.9714 -1.1757 -1.8752 -1.7762 -2.5167
-1.9492 -1.9368 -1.5823 -1.7211 -1.6810 -1.9456
-1.9948 -1.9442 -1.5675 -1.8045 -1.7433 -1.7557
-1.9859 -1.8971 -1.4018 -1.9218 -1.7900 -1.8755
-1.9552 -1.6500 -2.8507 -1.6061 -1.9805 -1.3095
-1.9694 -1.9857 -1.5266 -1.8545 -1.6916 -1.8009
-2.1455 -1.9265 -2.5462 -1.5231 -1.7428 -1.3247
-1.7097 -1.2606 -3.5310 -1.9140 -2.2718 -1.3637
-2.0298 -1.9829 -1.7400 -1.8123 -1.6754 -1.5851
-2.0720 -1.8033 -2.2297 -1.6010 -1.7989 -1.4500
-1.9345 -1.9511 -1.5251 -1.8055 -1.6405 -1.9841
-1.6371 -1.1847 -3.5853 -2.0820 -2.3287 -1.3872
-1.7385 -2.9210 -2.1745 -1.7388 -1.0026 -2.1712
-2.1051 -2.2605 -2.8590 -1.8131 -1.0591 -1.5768
-1.9010 -1.9693 -1.2113 -1.8615 -1.7534 -2.4698
-2.1651 -10.9161 -0.2143 -11.7228 -5.9889 -2.5821
-1.7583 -1.4552 -2.8563 -1.9589 -2.0567 -1.3169
-1.9504 -2.0180 -1.2950 -1.9020 -1.7861 -2.0093
-2.0239 -1.9569 -1.9413 -1.7129 -1.6584 -1.5499
-1.9356 -2.0046 -1.2153 -1.9040 -1.8031 -2.2023
-2.0367 -1.8806 -1.0817 -2.0619 -2.0145 -2.1420
-1.8265 -1.4321 -2.1832 -1.9847 -1.9721 -1.5561
-1.6550 -1.2607 -3.1436 -2.0758 -2.2463 -1.3820
-1.9553 -2.0257 -1.2568 -1.9184 -1.8125 -2.0256
-1.9406 -2.0102 -1.1896 -1.9169 -1.8231 -2.2118
-1.9926 -1.9350 -1.7100 -1.7925 -1.7077 -1.6579
-1.9362 -1.5634 -1.8602 -2.0541 -1.8634 -1.5735
-1.9018 -1.6455 -2.8915 -1.6378 -1.9291 -1.3371
-2.1449 -1.9104 -2.9430 -1.4233 -1.7995 -1.2878
-1.9659 -1.9871 -1.3298 -1.9139 -1.7939 -1.9343
-1.9425 -2.0101 -1.2871 -1.8941 -1.7781 -2.0620
-2.1477 -1.9186 -2.6931 -1.4713 -1.7829 -1.3057
-1.9589 -2.0271 -1.1713 -1.9441 -1.8587 -2.1345
-2.0151 -1.9691 -1.5624 -1.8258 -1.7594 -1.6916
-2.1390 -1.9150 -2.5834 -1.5296 -1.7342 -1.3235
-1.8228 -1.4180 -2.2641 -1.9604 -1.9629 -1.5556
-1.6478 -1.2451 -3.4477 -2.0012 -2.2922 -1.3800
-1.9209 -1.9110 -1.5174 -1.7797 -1.6808 -2.0295
-1.9602 -1.7772 -2.8656 -1.5785 -1.8159 -1.3313
-1.7688 -1.4290 -2.4400 -1.9195 -2.0620 -1.4746
-1.7900 -3.0630 -1.7958 -1.6801 -1.1161 -2.2406
-1.8157 -1.3929 -2.2826 -1.9831 -1.9815 -1.5540
-2.0347 -1.7512 -1.7409 -1.8970 -1.7874 -1.5949
-1.9662 -2.0381 -1.1707 -1.9542 -1.8708 -2.0884
-1.9829 -1.9266 -1.7181 -1.7588 -1.6098 -1.8012
-1.8953 -1.6390 -2.8850 -1.6729 -1.9127 -1.3306
-1.7715 -1.4196 -2.4164 -2.0043 -1.9881 -1.4820
-1.9059 -1.9796 -1.2351 -1.8626 -1.7505 -2.3706
-1.9290 -1.5701 -2.5606 -1.8384 -1.9365 -1.3237
-1.9351 -1.4915 -1.8509 -2.0904 -1.9319 -1.5851
-2.1289 -1.9290 -2.3853 -1.6187 -1.6756 -1.3536
-1.9492 -2.0038 -1.0957 -1.9485 -1.8776 -2.3747
-1.9347 -2.0082 -1.1821 -1.9122 -1.8189 -2.2567
-2.0669 -1.8855 -1.7614 -1.8393 -1.7112 -1.5592
-2.0615 -1.6980 -1.4327 -1.9959 -1.8740 -1.8224
-1.9791 -1.9654 -1.2280 -1.9546 -1.8605 -2.0278
-1.5200 -1.0795 -3.4130 -2.5029 -3.1174 -1.2642
-1.7064 -1.3246 -2.7467 -2.0406 -2.1262 -1.4306
-2.0424 -1.8641 -2.9178 -1.4638 -1.7958 -1.3324
-1.9054 -1.6643 -3.1973 -1.5721 -1.9504 -1.3049
-1.8250 -1.4306 -2.0832 -2.1052 -1.9559 -1.5519
-1.9812 -1.9974 -1.5567 -1.8559 -1.6944 -1.7397
-2.0135 -1.5993 -2.2377 -1.8850 -1.8305 -1.4041
-1.6459 -1.1935 -3.5941 -2.0251 -2.3336 -1.3960
-2.0277 -1.7328 -1.4787 -1.9556 -1.8159 -1.8358
-1.9422 -2.0142 -1.1678 -1.9249 -1.8366 -2.2361
-1.9926 -2.0406 -1.0696 -2.0083 -1.9531 -2.1671
-1.9580 -1.9216 -1.6879 -1.7425 -1.6643 -1.8129
-1.6740 -1.2729 -3.2091 -1.9472 -2.2654 -1.4039
-1.7735 -1.4019 -2.4115 -1.9935 -2.0127 -1.4933
-2.0128 -1.8725 -1.5312 -1.8982 -1.7641 -1.7418
-1.3882 -3.8772 -0.9338 -2.6344 -1.8103 -2.2893
-1.8005 -1.3721 -2.1286 -2.1798 -2.0024 -1.5412
-2.0015 -1.9756 -1.7012 -1.8395 -1.6421 -1.6542
-1.9466 -2.0290 -1.3708 -1.8809 -1.7473 -1.9300
-2.0043 -1.9345 -1.6339 -1.8335 -1.7155 -1.6827
-1.7193 -1.3196 -2.6156 -2.0467 -2.1503 -1.4488
-2.0835 -1.8580 -2.5160 -1.5152 -1.7891 -1.3788
-1.9137 -1.9772 -1.1907 -1.8816 -1.7810 -2.4170
-1.7192 -1.2668 -2.6439 -2.1134 -2.1453 -1.4693
-2.1167 -1.9335 -2.1203 -1.6522 -1.6858 -1.4355
-1.7751 -1.3931 -2.3816 -1.9926 -2.0429 -1.4968
-1.6842 -1.2700 -2.7591 -2.1734 -2.1605 -1.4224
-1.7735 -1.4019 -2.4115 -1.9935 -2.0127 -1.4933
-1.8275 -1.4298 -2.0268 -2.1507 -1.9604 -1.5566
-1.7098 -2.7823 -1.8062 -1.5881 -1.1830 -2.4983
-1.9474 -2.0225 -1.3187 -1.8936 -1.7719 -1.9877
-2.0958 -1.8719 -2.3405 -1.5814 -1.7969 -1.3649
-2.0185 -1.7287 -2.6956 -1.6030 -1.8728 -1.3200
-1.6701 -1.3006 -3.4877 -1.8771 -2.2476 -1.3857
-2.0670 -1.7792 -2.1314 -1.7713 -1.7241 -1.4374
-1.9373 -1.9594 -1.3905 -1.8503 -1.7079 -2.0590
-2.0644 -1.9257 -1.8503 -1.7071 -1.7007 -1.5789
-1.9624 -1.5516 -1.8590 -1.9895 -1.8873 -1.5921
-1.9542 -1.9838 -1.4448 -1.8589 -1.7076 -1.9117
-1.9945 -1.7886 -2.8422 -1.5597 -1.8334 -1.3154
-1.5058 -3.5394 -1.7545 -1.7995 -1.0401 -2.8585
-1.9483 -2.0179 -1.1973 -1.9246 -1.8308 -2.1513
-1.9682 -1.9789 -1.4891 -1.8570 -1.7118 -1.8338
-1.8208 -1.3738 -2.0498 -2.1925 -1.9961 -1.5669
-2.0544 -1.8271 -1.9065 -1.8562 -1.7224 -1.4809
-1.9365 -1.9986 -1.1922 -1.9096 -1.8139 -2.2485
-2.1377 -1.9232 -2.0996 -1.6039 -1.7173 -1.4577
-1.9515 -2.0241 -1.2250 -1.9222 -1.8229 -2.0857
-1.7266 -1.2912 -3.3895 -1.8920 -2.2200 -1.3702
-1.9024 -1.9792 -1.3051 -1.8411 -1.7121 -2.2794
-1.8493 -1.5133 -2.0627 -2.0060 -1.9028 -1.5527
-2.0570 -1.8231 -2.7595 -1.4948 -1.8639 -1.3170
-2.1193 -1.9306 -2.2463 -1.5936 -1.6705 -1.4368
-1.9241 -1.9862 -1.1630 -1.9015 -1.8096 -2.3953
-2.1358 -1.9190 -2.5150 -1.5783 -1.6855 -1.3373
-2.0222 -1.7965 -2.0044 -1.8405 -1.7378 -1.4594
-1.6715 -1.2548 -3.0752 -1.9963 -2.2967 -1.4094
-1.9764 -1.9507 -1.3464 -1.9005 -1.7647 -1.9781
-1.9870 -1.9244 -1.6814 -1.7878 -1.6958 -1.7146
-1.9556 -1.9749 -1.5413 -1.8294 -1.6634 -1.8603
-2.0138 -1.9705 -1.6717 -1.7675 -1.7299 -1.6547
-1.9201 -1.6388 -2.0807 -1.8956 -1.8760 -1.4656
-1.9087 -1.9770 -1.2190 -1.8692 -1.7611 -2.3901
-1.5163 -1.0831 -3.4154 -2.5023 -3.1516 -1.2574
-2.1642 -1.9236 -2.7370 -1.4588 -1.7694 -1.3042
-2.0094 -1.8034 -1.4308 -1.9420 -1.8084 -1.8658
-1.9366 -1.9863 -1.1242 -1.9245 -1.8439 -2.4133
-1.9604 -1.9889 -1.5185 -1.8480 -1.6825 -1.8335
-2.0510 -1.8347 -2.5478 -1.5170 -1.8457 -1.3618
-1.9942 -2.0103 -1.1176 -2.0007 -1.9355 -2.0932
-2.0339 -1.7841 -2.7035 -1.6051 -1.8453 -1.2895
-1.9308 -1.5623 -1.8067 -2.0327 -1.8464 -1.6486
-1.9690 -2.0294 -1.0924 -1.9753 -1.9100 -2.2369
-1.9560 -1.6762 -2.2451 -1.8573 -1.8054 -1.4061
-1.3417 -4.0197 -0.8168 -3.0543 -2.0810 -2.2364
-1.9272 -1.5937 -2.2583 -1.8314 -1.8202 -1.4936
-1.6760 -1.3278 -3.3663 -1.8954 -2.1849 -1.3841
-2.0338 -1.8214 -3.1048 -1.4452 -1.8353 -1.3195
-2.1828 -1.9452 -2.5616 -1.4430 -1.8184 -1.3144
-1.9857 -1.8385 -2.1715 -1.6146 -1.6499 -1.6163
-2.0047 -1.8038 -1.4240 -1.9418 -1.8098 -1.8790
-1.9227 -2.0020 -1.1908 -1.8959 -1.7982 -2.3130
-1.9266 -2.0083 -1.1702 -1.9066 -1.8146 -2.3191
-2.1104 -1.8969 -2.3618 -1.7411 -1.5758 -1.3770
-2.1546 -1.9478 -2.5768 -1.4677 -1.7856 -1.3194
-2.0609 -1.8317 -2.7124 -1.4868 -1.8525 -1.3348
-2.0457 -1.8306 -2.3903 -1.6915 -1.7273 -1.3595
-1.5548 -3.9066 -0.6157 -3.0824 -2.4357 -2.3537
-2.0265 -1.9603 -1.7304 -1.6783 -1.6609 -1.7514
-1.9376 -1.5098 -1.7570 -2.0679 -1.9024 -1.6779
-1.5095 -3.5403 -1.7583 -1.8032 -1.0439 -2.8003
-1.5196 -1.1109 -3.3555 -2.4616 -3.0806 -1.2524
-1.9706 -2.0228 -1.0399 -1.9890 -1.9358 -2.3676
-1.8248 -2.9610 -2.3543 -1.7904 -0.9410 -2.0034
-1.3882 -3.8772 -0.9338 -2.6344 -1.8103 -2.2893
-1.9222 -1.9915 -1.0874 -1.9197 -1.8452 -2.5840
-1.6687 -1.2570 -3.1388 -2.0061 -2.2692 -1.4035
-2.0964 -1.8660 -2.2967 -1.6254 -1.7520 -1.3803
-1.6674 -1.2885 -2.9276 -2.0708 -2.2364 -1.3898
-1.9849 -2.0378 -1.1180 -1.9873 -1.9194 -2.1072
-1.9088 -1.9861 -1.1971 -1.8766 -1.7741 -2.4113
-1.7521 -1.4182 -2.5221 -1.9622 -2.0402 -1.4541
-1.9190 -2.0018 -1.3643 -1.8480 -1.7095 -2.0868
-1.3875 -4.1507 -0.6839 -3.0937 -2.3656 -2.4004
-1.9163 -1.9930 -1.3067 -1.8581 -1.7320 -2.1810
-1.9473 -1.6543 -1.8681 -1.8715 -1.8204 -1.6304
-1.7319 -1.3047 -2.4400 -2.1631 -2.1213 -1.4706
-1.9560 -1.5409 -1.7101 -2.0505 -1.8922 -1.6922
-1.5148 -3.7862 -1.2651 -2.1283 -1.2787 -2.5534
-2.0461 -1.7874 -1.5348 -1.9440 -1.8028 -1.7152
-1.6710 -1.2544 -3.0748 -1.9991 -2.2963 -1.4089
-1.8933 -1.6130 -2.6509 -1.7680 -1.9649 -1.3141
-2.0245 -1.7251 -1.6202 -1.9454 -1.7802 -1.7126
-1.5152 -1.0996 -3.3956 -2.4777 -3.1405 -1.2500
-1.9802 -1.7936 -3.0443 -1.4767 -1.8493 -1.3385
-2.0181 -1.7968 -2.9417 -1.5814 -1.8016 -1.2810
-2.1539 -1.9106 -2.7759 -1.4380 -1.8133 -1.2977
-1.7583 -1.4552 -2.8563 -1.9589 -2.0567 -1.3169
-1.9182 -1.9818 -1.1952 -1.8862 -1.7856 -2.3716
-1.9983 -1.9396 -1.7283 -1.8089 -1.6348 -1.6915
-1.9551 -2.0191 -1.2841 -1.9089 -1.7936 -2.0085
-1.9284 -1.9436 -1.4160 -1.8257 -1.6917 -2.0921
-1.7943 -1.5138 -3.0072 -1.7299 -2.0642 -1.3469
-1.9651 -2.0099 -1.0680 -1.9732 -1.9102 -2.3528
-2.1421 -1.9219 -2.6821 -1.5095 -1.7163 -1.3201
-1.9125 -1.9904 -1.3070 -1.8535 -1.7265 -2.2035
-1.9071 -1.9842 -1.3039 -1.8473 -1.7197 -2.2466
-1.7359 -1.4280 -2.7464 -2.1568 -2.0359 -1.2963
-1.8757 -1.6242 -2.7496 -1.7075 -1.9609 -1.3330
-1.9693 -1.5905 -1.6977 -2.0112 -1.8612 -1.6917
-2.1647 -1.9383 -2.5262 -1.4849 -1.7772 -1.3255
-1.6544 -1.2566 -3.4317 -1.9935 -2.2546 -1.3834
-2.1525 -1.9530 -2.4771 -1.4865 -1.7837 -1.3326
-1.9255 -1.6046 -2.9084 -1.6957 -1.9341 -1.3069
-1.9800 -1.9238 -1.3045 -1.9381 -1.8271 -1.9682
-1.9275 -1.9978 -1.3565 -1.8582 -1.7229 -2.0650
-1.9474 -2.0225 -1.3187 -1.8936 -1.7719 -1.9877
-1.8751 -1.5786 -2.1864 -1.9489 -1.8913 -1.4492
-1.6212 -1.1853 -3.2717 -2.2646 -2.3087 -1.3646
-1.9749 -1.9169 -1.3908 -1.9108 -1.7790 -1.9070
-1.7521 -1.3784 -2.5215 -1.9740 -2.0784 -1.4686
-1.9102 -1.9246 -1.5691 -1.7529 -1.6537 -2.0162
-2.0776 -1.7589 -2.3237 -1.6602 -1.7991 -1.3900
-1.9742 -1.9820 -1.4706 -1.8689 -1.7229 -1.8282
-1.9450 -2.0084 -1.1639 -1.9277 -1.8405 -2.2415
-1.9809 -1.6511 -1.9570 -1.9855 -1.7834 -1.4982
-2.0612 -1.7182 -1.5611 -1.9619 -1.8114 -1.7182
-1.9433 -2.0023 -1.1637 -1.9248 -1.8370 -2.2613
-1.9376 -2.0076 -1.1729 -1.9174 -1.8267 -2.2610
-1.6911 -1.3290 -3.1599 -1.8768 -2.2269 -1.3960
-1.5360 -3.5151 -0.8065 -2.7375 -2.0264 -2.1887
-1.6292 -3.1195 -1.9768 -1.7774 -1.0298 -2.3530
-2.0113 -1.9768 -1.6928 -1.8483 -1.6596 -1.6299
-2.0464 -2.0018 -1.7752 -1.7804 -1.6737 -1.5601
-1.9599 -2.0230 -1.1475 -1.9504 -1.8704 -2.1788
-2.0665 -1.7806 -1.6091 -1.9409 -1.7808 -1.6467
-1.6544 -1.2457 -3.4105 -2.0024 -2.2704 -1.3872
-1.8555 -1.4276 -1.9931 -2.0919 -1.9573 -1.5957
-1.7361 -1.4648 -2.7940 -1.8392 -2.0490 -1.4118
-1.9746 -1.9654 -1.2849 -1.9350 -1.8270 -1.9726
-1.9743 -1.8000 -2.5970 -1.6639 -1.8177 -1.3110
-1.6138 -3.1873 -1.7695 -1.6757 -1.1207 -2.5777
-1.7895 -1.5270 -3.3072 -1.7075 -2.0330 -1.3208
-1.8267 -1.4323 -2.0873 -2.0804 -1.9625 -1.5563
-1.9565 -1.6686 -2.1148 -1.8157 -1.7957 -1.5108
-1.5144 -1.0888 -3.4020 -2.4950 -3.1578 -1.2549
-2.0866 -1.9135 -2.2523 -1.6117 -1.6990 -1.4239
-1.9332 -1.9912 -1.1803 -1.9076 -1.8137 -2.3015
-2.0672 -1.8237 -2.9271 -1.4941 -1.7820 -1.3252
-1.9930 -1.5919 -1.6410 -2.0254 -1.8661 -1.7163
-1.8715 -1.5034 -1.9431 -2.0566 -1.9064 -1.5897
-1.4193 -5.0514 -0.4890 -4.1697 -3.0798 -2.5633
-2.0085 -1.8034 -2.8115 -1.5340 -1.8340 -1.3261
-1.9638 -1.9868 -1.3168 -1.9034 -1.7859 -1.9817
-1.9602 -1.9719 -1.4158 -1.8649 -1.7377 -1.9215
-1.8357 -1.4310 -2.5371 -2.0031 -1.9865 -1.3852
-1.6593 -1.2314 -3.5715 -1.9338 -2.3185 -1.3995
-1.9788 -1.6080 -2.2883 -1.8023 -1.8591 -1.4301
-1.8594 -1.5271 -2.0796 -1.9388 -1.9093 -1.5604
-1.7960 -1.5174 -2.8253 -1.7693 -2.0496 -1.3617
-2.0167 -1.9320 -1.7001 -1.8497 -1.6795 -1.6316
-1.9202 -1.9834 -1.1467 -1.9009 -1.8119 -2.4609
-1.5205 -1.0979 -3.3675 -2.4755 -3.0733 -1.2624
-1.6404 -1.2048 -3.5327 -2.0750 -2.2936 -1.3837
-2.0667 -1.8834 -1.7544 -1.8490 -1.7113 -1.5593
-1.9251 -1.9886 -1.2021 -1.8931 -1.7925 -2.3071
-1.9754 -1.9883 -1.4214 -1.8890 -1.7506 -1.8445
-1.9202 -2.0081 -1.3524 -1.8536 -1.7184 -2.0833
-1.7187 -1.3689 -3.2081 -1.8559 -2.1695 -1.3652
-1.6898 -1.3809 -3.4073 -1.8044 -2.1616 -1.3812
-1.6659 -1.2870 -2.8904 -2.1315 -2.1968 -1.3883
-1.9706 -1.6742 -2.9086 -1.6008 -1.9113 -1.3130
-1.9268 -1.9964 -1.1758 -1.9031 -1.8092 -2.3321
-1.9239 -1.9942 -1.2597 -1.8782 -1.7644 -2.2078
-1.9834 -1.9310 -1.2802 -1.9461 -1.8409 -1.9811
-1.7307 -1.3579 -3.4444 -1.7831 -2.1985 -1.3680
-1.9803 -1.9928 -1.5046 -1.8735 -1.7169 -1.7699
-1.9854 -2.0431 -1.0938 -1.9950 -1.9330 -2.1423
-1.6931 -1.3809 -3.4202 -1.7764 -2.1863 -1.3846
-2.0248 -1.8501 -1.5788 -1.9068 -1.7474 -1.7051
-2.1450 -1.9274 -2.2995 -1.6674 -1.6283 -1.3780
-1.9435 -1.9548 -1.4914 -1.7763 -1.6933 -1.9877
-1.6655 -1.2813 -2.9325 -2.0770 -2.2514 -1.3887
-1.9602 -1.9147 -1.6176 -1.7952 -1.6384 -1.8771
-2.1417 -1.8984 -3.1710 -1.4196 -1.7721 -1.2766
-1.8749 -1.5524 -3.2623 -1.6967 -1.9610 -1.2998
-1.8573 -1.5265 -2.1532 -1.9043 -1.8912 -1.5574
-2.1299 -1.9050 -2.0607 -1.6747 -1.7411 -1.4177
-1.9018 -1.5481 -1.8841 -2.0401 -1.8523 -1.6134
-2.1526 -1.9294 -2.6395 -1.4870 -1.7572 -1.3145
-1.9338 -2.0057 -1.1593 -1.9164 -1.8281 -2.3098
-1.7128 -1.3042 -2.5714 -2.1637 -2.1092 -1.4457
-1.9120 -1.9755 -1.1890 -1.8799 -1.7793 -2.4347
-1.9806 -1.7689 -2.7699 -1.5987 -1.8472 -1.3132
-1.9584 -2.0279 -1.2073 -1.9346 -1.8408 -2.0783
-1.9529 -1.7485 -2.9958 -1.5946 -1.8275 -1.3082
-1.7363 -1.3385 -2.5108 -2.0438 -2.1216 -1.4653
-1.9944 -1.7948 -2.6499 -1.6112 -1.8456 -1.3112
-1.7116 -1.2713 -3.0687 -2.0522 -2.2180 -1.3657
-2.0393 -1.8133 -2.8549 -1.5179 -1.8403 -1.3048
-2.1371 -1.9379 -2.6535 -1.4695 -1.7774 -1.3149
-1.9389 -2.0079 -1.2186 -1.9073 -1.8064 -2.1761
-1.8113 -1.5308 -2.8883 -1.7455 -2.0197 -1.3575
-1.9342 -2.0038 -1.1832 -1.9105 -1.8166 -2.2658
-1.9059 -1.5539 -1.8744 -1.9973 -1.8830 -1.6164
-1.9407 -2.0037 -1.1017 -1.9380 -1.8642 -2.4052
-1.9718 -2.0314 -1.0191 -1.9973 -1.9495 -2.4007
-2.0279 -1.8022 -2.0034 -1.8330 -1.7283 -1.4651
-1.7272 -1.3544 -3.4409 -1.7998 -2.1961 -1.3645
-1.7842 -1.4819 -2.3900 -1.9260 -1.9836 -1.4700
-1.9829 -1.9192 -1.4696 -1.9016 -1.7536 -1.8133
-2.0415 -1.9691 -2.1647 -1.6586 -1.6221 -1.4788
-1.9012 -1.6175 -2.2706 -1.7861 -1.9078 -1.4570
-1.7778 -2.7741 -1.9483 -1.6198 -1.1017 -2.3454
-1.9774 -2.0248 -1.0100 -2.0042 -1.9592 -2.4126
-1.9035 -1.9730 -1.1808 -1.8725 -1.7721 -2.5111
-1.5625 -3.5322 -1.8303 -1.6770 -1.0226 -2.9152
-1.8345 -1.4603 -2.1171 -2.0081 -1.9503 -1.5546
-1.9713 -2.0063 -1.5167 -1.8633 -1.6993 -1.7789
-1.8914 -1.5902 -2.2875 -1.8206 -1.9004 -1.4597
-1.9566 -2.0242 -1.1899 -1.9365 -1.8462 -2.1180
-2.0231 -1.9039 -1.6862 -1.7781 -1.6629 -1.7430
-1.9934 -1.8766 -1.3921 -1.9305 -1.8018 -1.8837
-1.9011 -1.9789 -1.2449 -1.8549 -1.7396 -2.3822
-1.9489 -1.6457 -2.1176 -1.8681 -1.7980 -1.4947
-2.0347 -1.8491 -1.5489 -1.9017 -1.7741 -1.7122
-1.6565 -3.2377 -1.5295 -1.8347 -1.2206 -2.3169
-1.9282 -1.9966 -1.1896 -1.9011 -1.8044 -2.2978
-1.6684 -1.2895 -3.4954 -1.8947 -2.2400 -1.3908
-2.1306 -1.8996 -2.0479 -1.6561 -1.7675 -1.4231
-1.5341 -3.1768 -1.7031 -1.8177 -1.1177 -2.6439
-2.1875 -1.9811 -2.1904 -1.6058 -1.6777 -1.3844
-1.6280 -3.0578 -1.9835 -1.8284 -1.0373 -2.2634
-1.6546 -1.2394 -3.5398 -1.9759 -2.2796 -1.3891
-1.9821 -1.9281 -1.5240 -1.8455 -1.7456 -1.7930
-1.4043 -3.1743 -1.3748 -2.2427 -1.2885 -2.5526
-1.9224 -1.9915 -1.2189 -1.8865 -1.7817 -2.2852
-1.9725 -1.6848 -2.0955 -1.7826 -1.7986 -1.5202
-1.9764 -1.9267 -1.3245 -1.9293 -1.8131 -1.9556
-2.0147 -1.8250 -1.2808 -1.9857 -1.8877 -1.9740
-1.9524 -2.0118 -1.1308 -1.9445 -1.8665 -2.2650
-2.0116 -1.8092 -1.3466 -1.9667 -1.8532 -1.9265
-2.0240 -1.9685 -1.8404 -1.7287 -1.6702 -1.5910
-1.9214 -2.0002 -1.3738 -1.8479 -1.7076 -2.0693
-1.7975 -2.7336 -2.3012 -1.7920 -1.0359 -1.9130
-1.9088 -1.9840 -1.2802 -1.8551 -1.7333 -2.2720
-1.9023 -1.9744 -1.1889 -1.8695 -1.7672 -2.4965
-2.1607 -1.9169 -2.6914 -1.4696 -1.7811 -1.3040
-1.9457 -2.0197 -1.4123 -1.8676 -1.7238 -1.9108
-1.9688 -1.9796 -1.4897 -1.8577 -1.7125 -1.8304
-1.7264 -3.0039 -1.9602 -1.6338 -1.0319 -2.5239
-1.7960 -1.4117 -2.2374 -2.0297 -2.0151 -1.5191
-1.7944 -1.5139 -3.0073 -1.7334 -2.0589 -1.3470
-1.6756 -1.3023 -3.4894 -1.8707 -2.2299 -1.3910
-1.9303 -2.0074 -1.3271 -1.8705 -1.7429 -2.0696
-1.6698 -2.9561 -1.8419 -1.5817 -1.1178 -2.6805
-1.8979 -1.9837 -1.1887 -1.8667 -1.7641 -2.5016
-2.0084 -1.7882 -2.9545 -1.5014 -1.8809 -1.3050
-1.9232 -1.9864 -1.1497 -1.9039 -1.8149 -2.4292
-1.7407 -1.3878 -2.6091 -1.9315 -2.1062 -1.4492
-1.9403 -2.0119 -1.2623 -1.8984 -1.7878 -2.1001
-2.0718 -1.8593 -1.8550 -1.7099 -1.7407 -1.5822
-2.0077 -1.9738 -1.7196 -1.8470 -1.6559 -1.6144
-1.9243 -1.9924 -1.1593 -1.9038 -1.8131 -2.3882
-1.8734 -1.4824 -1.9545 -2.0512 -1.9187 -1.5982
-1.9059 -2.7163 -2.2712 -1.6551 -0.9538 -2.2473
-1.9283 -2.0054 -1.2696 -1.8826 -1.7679 -2.1528
-1.9946 -1.8920 -1.2761 -1.9617 -1.8601 -1.9822
-1.9329 -2.0025 -1.1819 -1.9091 -1.8153 -2.2772
-2.3822 -6.3644 -0.1862 -4.9959 -4.2685 -2.8992
-1.9257 -1.9687 -1.1969 -1.8873 -1.7799 -2.3824
-1.9713 -2.0310 -1.0186 -1.9968 -1.9490 -2.4054
-1.9705 -2.0268 -1.0870 -1.9778 -1.9139 -2.2465
-1.9411 -1.9577 -1.5317 -1.8121 -1.6471 -1.9436
-2.0411 -1.6959 -1.4815 -1.9711 -1.8337 -1.8311
-1.7319 -1.3476 -2.5272 -2.0784 -2.0810 -1.4551
-1.6809 -1.3202 -3.2940 -1.9177 -2.1786 -1.3884
-1.7937 -1.4848 -2.8096 -1.7943 -2.0898 -1.3590
-1.5239 -3.2435 -1.6404 -1.7875 -1.1630 -2.6698
-1.9473 -2.0055 -1.1104 -1.9431 -1.8686 -2.3465
-2.0195 -1.8313 -1.5447 -1.8646 -1.8004 -1.7516
-2.0583 -1.8615 -1.9094 -1.8401 -1.6861 -1.4931
-1.9001 -1.9775 -1.1884 -1.8679 -1.7654 -2.5039
-1.9221 -1.9934 -1.2800 -1.8710 -1.7521 -2.1886
-1.7379 -1.4131 -2.6240 -1.9752 -2.0262 -1.4370
-1.8900 -1.5848 -2.2824 -1.8467 -1.8953 -1.4529
-1.9849 -1.7008 -2.1621 -1.8271 -1.8267 -1.4140
-1.9813 -1.9967 -1.1711 -1.9704 -1.8897 -2.0731
-1.6793 -1.3044 -2.9988 -2.0322 -2.1760 -1.3952
-1.7398 -1.4294 -2.7611 -2.1154 -2.0528 -1.2990
-1.9226 -1.8724 -1.6035 -1.7460 -1.7312 -1.9154
-1.9010 -1.9693 -1.2113 -1.8615 -1.7534 -2.4698
-1.9358 -1.9973 -1.1365 -1.9227 -1.8397 -2.3646
-2.0384 -1.7093 -1.4582 -1.9725 -1.8396 -1.8444
-2.0040 -1.8656 -1.8333 -1.7861 -1.7334 -1.5788
-1.9490 -2.0078 -1.1401 -1.9378 -1.8568 -2.2700
-1.7745 -1.4959 -3.0304 -1.7897 -2.0459 -1.3402
-1.7510 -1.3013 -2.4519 -2.1192 -2.0761 -1.5026
-1.9653 -1.6808 -2.0482 -1.8452 -1.7786 -1.5240
-1.8639 -1.5444 -2.1803 -1.8607 -1.8791 -1.5597
-1.9113 -1.9702 -1.1613 -1.8852 -1.7906 -2.5138
-1.9696 -1.9707 -1.2882 -1.9283 -1.8185 -1.9827
-1.9756 -1.9896 -1.4516 -1.8758 -1.7528 -1.8088
-1.9335 -2.0013 -1.2377 -1.8954 -1.7887 -2.1830
-2.1162 -1.8120 -2.2691 -1.6204 -1.7325 -1.4350
-1.4711 -3.6557 -0.7665 -2.8020 -2.0685 -2.3776
-1.9445 -2.0054 -1.1392 -1.9329 -1.8511 -2.2978
-2.1807 -1.9271 -2.5556 -1.4795 -1.7834 -1.3168
-1.9610 -1.9794 -1.5442 -1.8084 -1.6710 -1.8600
-1.9576 -2.0223 -1.2283 -1.9274 -1.8283 -2.0600
-1.9920 -1.8643 -1.7868 -1.7396 -1.6156 -1.7916
-1.9096 -1.9869 -1.2517 -1.8637 -1.7488 -2.3061
-2.0361 -1.9991 -1.8206 -1.7690 -1.6659 -1.5487
-1.9872 -1.9401 -1.5545 -1.8014 -1.7345 -1.7936
-1.6677 -1.2346 -3.3340 -1.9590 -2.3094 -1.4089
-1.9395 -2.0128 -1.2675 -1.8965 -1.7846 -2.0945
-1.9492 -2.0073 -1.1963 -1.9237 -1.8297 -2.1678
-1.9270 -2.0042 -1.2690 -1.8811 -1.7662 -2.1617
-2.1535 -1.9273 -2.7501 -1.4604 -1.7634 -1.3061
-1.8594 -1.5271 -2.0795 -1.9392 -1.9092 -1.5604
-1.8432 -1.5960 -3.0021 -1.6715 -1.9711 -1.3393
-1.9602 -2.0151 -1.0857 -1.9649 -1.8989 -2.3199
-1.9397 -1.9386 -1.2832 -1.8703 -1.7932 -2.1656
-2.0255 -1.9686 -1.7671 -1.7512 -1.6824 -1.6189
-1.9998 -2.0403 -1.0617 -2.0175 -1.9642 -2.1583
-2.0664 -1.7927 -2.1708 -1.7290 -1.7396 -1.4283
-2.0099 -1.9295 -1.1920 -1.9914 -1.9106 -2.0197
-1.9348 -1.6210 -2.4353 -1.7564 -1.8918 -1.3992
-2.1286 -1.9183 -2.7351 -1.4949 -1.7325 -1.3163
-1.9311 -2.0016 -1.2286 -1.8952 -1.7902 -2.2073
-2.0271 -1.8786 -1.6674 -1.7926 -1.7719 -1.6596
-1.5084 -1.1565 -3.3505 -2.4037 -3.1428 -1.2189
-1.8598 -1.4654 -1.9395 -2.1216 -1.9303 -1.5867
-1.9872 -1.9065 -1.2975 -1.9476 -1.8396 -1.9689
-1.9077 -1.9760 -1.2180 -1.8682 -1.7601 -2.4001
-1.8011 -1.6587 -3.1185 -2.1258 -1.3684 -1.4854
-1.9845 -1.6819 -2.3106 -1.7600 -1.8409 -1.3999
-2.1550 -1.9146 -2.6000 -1.5213 -1.7321 -1.3202
-2.0355 -1.7195 -1.4258 -1.9772 -1.8512 -1.8681
-1.5942 -3.1666 -1.8408 -1.6299 -1.1103 -2.6499
-2.1790 -1.9362 -2.4532 -1.4926 -1.7968 -1.3244
-1.9424 -2.0046 -1.1267 -1.9337 -1.8544 -2.3363
-2.0477 -1.7930 -1.9650 -1.7737 -1.8026 -1.4707
-1.9625 -1.5858 -1.7519 -1.9828 -1.8507 -1.6795
-1.8101 -1.4213 -2.1270 -2.1228 -1.9559 -1.5388
-1.8421 -1.4767 -2.1145 -1.9742 -1.9442 -1.5585
-1.9227 -1.9991 -1.2047 -1.8919 -1.7908 -2.2933
-2.0411 -1.6959 -1.4815 -1.9711 -1.8337 -1.8311
-1.4124 -3.3313 -1.2108 -2.0464 -1.6195 -2.3481
-1.9029 -1.6613 -3.2572 -1.5884 -1.9365 -1.2945
-2.0421 -1.7922 -2.7624 -1.5532 -1.8594 -1.2977
-1.6392 -1.2515 -3.4477 -2.0457 -2.2667 -1.3663
-1.9157 -1.9934 -1.3234 -1.8533 -1.7232 -2.1619
-1.6545 -1.2703 -3.3085 -2.0324 -2.2289 -1.3751
-1.6642 -1.2853 -3.4900 -1.9146 -2.2419 -1.3866
-1.9982 -1.9581 -1.5832 -1.7182 -1.6970 -1.8619
-1.9133 -1.9892 -1.2873 -1.8590 -1.7367 -2.2288
-2.0194 -1.7007 -2.6015 -1.6014 -1.9312 -1.3319
-1.9487 -2.0064 -1.1210 -1.9421 -1.8654 -2.3140
-1.9267 -1.9995 -1.2897 -1.8747 -1.7547 -2.1433
-2.1666 -1.9331 -2.5226 -1.4951 -1.7705 -1.3243
-1.5220 -1.0710 -3.4204 -2.5093 -3.0872 -1.2751
-2.0291 -1.9921 -1.8136 -1.8035 -1.6589 -1.5417
-1.4781 -3.5213 -0.9683 -2.4393 -1.7633 -2.2639
-2.1505 -2.0181 -2.1238 -1.5487 -1.7226 -1.4272
-2.1282 -1.8690 -3.0032 -1.4369 -1.8042 -1.2919
-1.9834 -2.0011 -1.5455 -1.8675 -1.7036 -1.7289
-1.9666 -1.9790 -1.5135 -1.8476 -1.6912 -1.8337
-1.9338 -1.9962 -1.1377 -1.9201 -1.8364 -2.3751
-1.9768 -1.6040 -1.6860 -1.9927 -1.8658 -1.6927
-1.7771 -1.4179 -2.3932 -1.9982 -1.9944 -1.4889
-2.0080 -1.7640 -2.8108 -1.6264 -1.8333 -1.2812
-1.6865 -1.3587 -3.4569 -1.8042 -2.1891 -1.3876
-1.9217 -1.9923 -1.2192 -1.8858 -1.7809 -2.2867
-2.0103 -1.8738 -1.5428 -1.9056 -1.7445 -1.7414
-1.9337 -2.0006 -1.1732 -1.9118 -1.8200 -2.2934
-1.9894 -2.0492 -1.0132 -2.0209 -1.9785 -2.2973
-1.9198 -2.0032 -1.1690 -1.8987 -1.8056 -2.3682
-1.9609 -1.9792 -1.5441 -1.8082 -1.6709 -1.8608
-1.9403 -1.9575 -1.4834 -1.8293 -1.6697 -1.9702
-1.9848 -2.0512 -1.0683 -2.0025 -1.9467 -2.1834
-2.0217 -1.9642 -1.7811 -1.8201 -1.6543 -1.5817
-1.7353 -1.3658 -2.4756 -2.1076 -2.0519 -1.4510
-2.0137 -1.7750 -1.4699 -1.9407 -1.8000 -1.8441
-1.8207 -2.6567 -1.9902 -1.6492 -1.0971 -2.2520
-1.9817 -2.0102 -1.1546 -1.9741 -1.8971 -2.0865
-1.5157 -1.1010 -3.3923 -2.4771 -3.1359 -1.2493
-2.1142 -1.9221 -2.4220 -1.6549 -1.6324 -1.3561
-1.9080 -1.9737 -1.1570 -1.8835 -1.7895 -2.5362
-1.9846 -1.8648 -2.0553 -1.6505 -1.6455 -1.6362
-1.9837 -1.9506 -1.7523 -1.7774 -1.6899 -1.6438
-1.8107 -1.5329 -2.9358 -1.7112 -2.0334 -1.3629
-1.9242 -1.5632 -1.7892 -2.0469 -1.8721 -1.6372
-2.0185 -1.9337 -1.7019 -1.8402 -1.6812 -1.6334
-1.9546 -2.0238 -1.2151 -1.9278 -1.8313 -2.0884
-1.8542 -1.4895 -2.0292 -2.0108 -1.9336 -1.5702
-1.8350 -1.4473 -2.0426 -2.0970 -1.9478 -1.5602
-1.9207 -1.9889 -1.2310 -1.8811 -1.7731 -2.2788
-1.9235 -1.9136 -1.5026 -1.7822 -1.6797 -2.0471
-2.1498 -1.9843 -2.1779 -1.5668 -1.7059 -1.4172
-1.9998 -1.9153 -1.6845 -1.7943 -1.6672 -1.7329
-1.9202 -1.9981 -1.3014 -1.8645 -1.7406 -2.1604
-2.1451 -1.9532 -2.5191 -1.4811 -1.7835 -1.3275
-1.8947 -1.6384 -2.8844 -1.6678 -1.9220 -1.3300
-2.0461 -1.9240 -1.9753 -1.7855 -1.5798 -1.5499
-1.9157 -1.9911 -1.2511 -1.8712 -1.7577 -2.2668
-2.0443 -1.9719 -2.1674 -1.6519 -1.6249 -1.4773
-1.8271 -1.4184 -2.0498 -2.1195 -1.9803 -1.5599
-2.0318 -1.8292 -2.5055 -1.6156 -1.7880 -1.3446
-2.0026 -1.9477 -1.6101 -1.8467 -1.7094 -1.6938
-1.8060 -1.3900 -2.2908 -2.0137 -1.9820 -1.5411
-1.9489 -1.9684 -1.5309 -1.8239 -1.6586 -1.8989
-1.9305 -1.5975 -1.8179 -1.9629 -1.8697 -1.6320
-2.0033 -1.9077 -1.9959 -1.5991 -1.6585 -1.6697
-1.6746 -1.2629 -3.2407 -1.9236 -2.2998 -1.4094
-1.9490 -2.0070 -1.1961 -1.9235 -1.8295 -2.1695
-1.9045 -1.9814 -1.2821 -1.8496 -1.7265 -2.2970
-2.0155 -1.9821 -1.7554 -1.8303 -1.6405 -1.6001
-2.1268 -1.9075 -2.3885 -1.6570 -1.6471 -1.3577
-2.1402 -1.9625 -2.2425 -1.5492 -1.7021 -1.4232
-1.9485 -2.0142 -1.1974 -1.9240 -1.8300 -2.1570
-2.0058 -1.9437 -1.7914 -1.7293 -1.7069 -1.6259
-1.8111 -1.3724 -2.2960 -2.0004 -1.9946 -1.5558
-1.6046 -3.7628 -1.0022 -2.5612 -1.8043 -1.7902
-1.9209 -1.9863 -1.1639 -1.8978 -1.8052 -2.4113
-1.7232 -1.2972 -2.5726 -2.1038 -2.1358 -1.4622
-1.6589 -1.2251 -3.2371 -2.0210 -2.3207 -1.4028
-1.9295 -1.9876 -1.1032 -1.9227 -1.8457 -2.5033
-2.0793 -2.0181 -2.0854 -1.6299 -1.6390 -1.4798
-1.7829 -1.3953 -2.3207 -2.0370 -2.0045 -1.5108
-1.9474 -2.0225 -1.3187 -1.8936 -1.7719 -1.9877
-2.0258 -1.7421 -1.4570 -1.9581 -1.8228 -1.8495
-1.9276 -2.0027 -1.2989 -1.8739 -1.7521 -2.1221
-1.9924 -1.7834 -2.7920 -1.5709 -1.8617 -1.3055
-1.9683 -1.6341 -1.9555 -1.9360 -1.8046 -1.5377
-1.8451 -1.5592 -2.7759 -1.7126 -2.0333 -1.3545
-2.0537 -1.9302 -1.9949 -1.6746 -1.6854 -1.5240
-1.9856 -2.0429 -1.0926 -1.9955 -1.9339 -2.1441
-1.9187 -1.9822 -1.1956 -1.8866 -1.7860 -2.3676
-1.9819 -1.9772 -1.2074 -1.9607 -1.8714 -2.0396
-1.9255 -1.9890 -1.2025 -1.8935 -1.7929 -2.3036
-2.0196 -1.8083 -2.7942 -1.4552 -1.8979 -1.3511
-1.5518 -3.2465 -1.7636 -1.7548 -1.0648 -2.8124
-1.9251 -1.9873 -1.1808 -1.8982 -1.8025 -2.3506
-1.9944 -2.0492 -1.0349 -2.0207 -1.9743 -2.2222
-2.0517 -1.7215 -2.7188 -1.5646 -1.8535 -1.3437
-1.9520 -1.6755 -2.1377 -1.8049 -1.7849 -1.5116
-1.9153 -1.6009 -2.0057 -1.8522 -1.8348 -1.6101
-1.7900 -3.0630 -1.7958 -1.6801 -1.1161 -2.2406
-1.7326 -1.3382 -2.5674 -2.0292 -2.1176 -1.4595
-2.0256 -1.7897 -2.1682 -1.7122 -1.7813 -1.4363
-1.9277 -1.9377 -1.5478 -1.7834 -1.6726 -1.9524
-2.0382 -1.9444 -1.8767 -1.8026 -1.6071 -1.5691
-1.6757 -1.2914 -3.0823 -1.9504 -2.2729 -1.3989
-1.5695 -3.9959 -0.7700 -2.5956 -2.0181 -2.2736
-2.0678 -1.7851 -1.8028 -1.8830 -1.7475 -1.5390
-1.8607 -1.5696 -2.2311 -1.9960 -1.8790 -1.4260
-1.9556 -1.9187 -1.7695 -1.7546 -1.5996 -1.7937
-2.1245 -1.9026 -2.6065 -1.5396 -1.7124 -1.3370
-2.0543 -1.9322 -1.9835 -1.7937 -1.5880 -1.5200
-1.9509 -2.0432 -1.3192 -1.9013 -1.7811 -1.9446
-2.1357 -1.9213 -2.0977 -1.6117 -1.7153 -1.4558
-2.1696 -1.9420 -2.5767 -1.4348 -1.8385 -1.3126
-1.9086 -1.5071 -1.8662 -2.0175 -1.9175 -1.6322
-2.0060 -1.9435 -1.9185 -1.6598 -1.6518 -1.6422
-1.9656 -1.5768 -1.6908 -2.0298 -1.8721 -1.6942
-1.6931 -1.3412 -2.9803 -1.9663 -2.1367 -1.4036
-1.9099 -1.9850 -1.2812 -1.8562 -1.7344 -2.2628
-1.5144 -1.0888 -3.4020 -2.4950 -3.1578 -1.2549
